Sequence: Kimono_1920x1080_24_420
config: RA_IP32_GOP32
PSNR [dB], MS-SSIM [dB],Size [bytes],Rate [Mbit/s]
40.43347,21.18468,8994656.0,7.1957248
39.63806,20.02166,5572205.0,4.457764
38.61487,18.62504,3417767.0,2.7342136
37.42128,17.2572,2235441.0,1.7883528
36.74201,16.46327,1765706.0,1.4125648
35.72158,15.31722,1289134.0,1.0313071999999999
34.0468,13.71789,850222.0,0.6801775999999999
config: LDP_IP8_GOP32
PSNR [dB], MS-SSIM [dB],Size [bytes],Rate [Mbit/s]
40.62697,21.54939,10393996.0,8.315196799999999
39.93543,20.49638,6943975.0,5.55518
38.83829,19.08127,4713126.0,3.7705007999999998
37.60526,17.63793,3162832.0,2.5302656
36.84929,16.79914,2556835.0,2.045468
35.72634,15.55467,1922066.0,1.5376528
33.82707,13.75953,1415998.0,1.1327983999999998
config: AI_IP32_GOP32
PSNR [dB], MS-SSIM [dB],Size [bytes],Rate [Mbit/s]
40.83035,21.91855,19135633.0,15.308506399999999
40.37824,21.09508,14823154.0,11.858523199999999
39.20144,19.59044,10542494.0,8.433995199999998
38.37946,18.59447,8116756.0,6.4934047999999995
37.82653,17.87713,6826538.0,5.4612304
36.93904,16.89068,5425084.0,4.3400672
35.41267,15.30958,3746584.0,2.9972672

Sequence: ParkScene_1920x1080_24_420
config: RA_IP32_GOP32
PSNR [dB], MS-SSIM [dB],Size [bytes],Rate [Mbit/s]
35.9644,19.16161,10305738.0,8.2445904
35.13399,17.90288,5620958.0,4.4967664
33.99541,16.22731,2866083.0,2.2928664
32.99405,14.93127,1719439.0,1.3755511999999999
32.45105,14.21017,1346867.0,1.0774936
31.65878,13.18689,963601.0,0.7708808
30.41966,11.72121,622508.0,0.4980064
config: LDP_IP8_GOP32
PSNR [dB], MS-SSIM [dB],Size [bytes],Rate [Mbit/s]
36.28012,19.61177,13765113.0,11.0120904
35.65159,18.60087,9352127.0,7.481701599999999
34.27309,16.70301,5896103.0,4.7168824
33.23571,15.31875,3710616.0,2.9684927999999995
32.56049,14.47285,2834377.0,2.2675016
31.65355,13.35813,2036276.0,1.6290208
30.03944,11.52687,1357848.0,1.0862783999999999
config: AI_IP32_GOP32
PSNR [dB], MS-SSIM [dB],Size [bytes],Rate [Mbit/s]
35.8216,19.51019,27729619.0,22.1836952
35.59443,18.99439,22944019.0,18.3552152
34.15689,16.92496,15256632.0,12.205305599999999
33.7167,16.23942,12218910.0,9.775127999999999
33.3545,15.68143,10458691.0,8.3669528
32.72932,14.79171,8258192.0,6.606553599999999
31.49172,13.17509,5384247.0,4.3073976

Sequence: Cactus_1920x1080_50_420
config: RA_IP32_GOP32
PSNR [dB], MS-SSIM [dB],Size [bytes],Rate [Mbit/s]
35.34911,19.18873,17044006.0,13.6352048
34.71109,18.28834,9939481.0,7.951584799999999
33.65698,16.96808,5716649.0,4.5733192
32.72538,15.87344,3668900.0,2.93512
32.18757,15.20069,2919996.0,2.3359967999999998
31.35371,14.20082,2141918.0,1.7135344
29.995,12.74843,1389412.0,1.1115296000000001
config: LDP_IP8_GOP32
PSNR [dB], MS-SSIM [dB],Size [bytes],Rate [Mbit/s]
35.53312,19.57828,26377046.0,21.1016368
35.01689,18.71304,16134384.0,12.9075072
33.75654,17.19514,9989151.0,7.9913208
32.68355,16.00289,6605509.0,5.2844071999999995
31.90868,15.17525,5211956.0,4.1695648
30.91976,14.01956,3758657.0,3.0069255999999998
29.35632,12.41843,2593621.0,2.0748968
config: AI_IP32_GOP32
PSNR [dB], MS-SSIM [dB],Size [bytes],Rate [Mbit/s]
35.2363,19.61874,52811089.0,42.2488712
35.05601,19.04844,41264001.0,33.0112008
33.64708,17.39341,28136052.0,22.5088416
33.14923,16.70239,22142178.0,17.713742399999997
32.74906,16.15381,18873992.0,15.0991936
32.08818,15.29377,15022645.0,12.018116
30.87334,13.85495,10353382.0,8.2827056

Sequence: BQTerrace_1920x1080_60_420
config: RA_IP32_GOP32
PSNR [dB], MS-SSIM [dB],Size [bytes],Rate [Mbit/s]
32.44207,18.84204,26978865.0,21.54718003327787
31.78706,17.68741,12426996.0,9.925055041597336
30.83903,16.48235,6736159.0,5.379960599001664
29.86817,15.37205,4139782.0,3.3063150748752075
29.46476,14.7573,3182981.0,2.5421478868552407
28.70085,13.80752,2360942.0,1.8856109151414306
27.51425,12.45273,1543488.0,1.2327358402662227
config: LDP_IP8_GOP32
PSNR [dB], MS-SSIM [dB],Size [bytes],Rate [Mbit/s]
32.84117,19.37533,34974983.0,27.933430682196338
32.29974,18.44097,21247998.0,16.970114875207987
31.16859,16.91561,11852806.0,9.466467354409316
29.95798,15.59518,7427727.0,5.932294442595674
29.26309,14.85328,5634722.0,4.5002771381031605
28.42511,13.84233,4060299.0,3.242834475873544
27.05032,12.4082,3150594.0,2.5162813976705487
config: AI_IP32_GOP32
PSNR [dB], MS-SSIM [dB],Size [bytes],Rate [Mbit/s]
32.41473,19.34956,65752731.0,52.51466036605657
32.30659,18.81042,52110639.0,41.61914595673876
30.87123,17.02847,34531923.0,27.579572445923457
30.50201,16.38885,26752942.0,21.366742362728782
30.1993,15.91866,22750507.0,18.17012206322795
29.63069,15.11829,17970724.0,14.352658103161396
28.49479,13.74109,12274524.0,9.803280399334442

Sequence: BasketballDrive_1920x1080_50_420
config: RA_IP32_GOP32
PSNR [dB], MS-SSIM [dB],Size [bytes],Rate [Mbit/s]
36.10121,20.31406,22177132.0,17.706293013972054
35.54999,19.21716,13519955.0,10.794375249500998
34.71474,17.94418,8229901.0,6.570779241516966
33.76054,16.67761,5548426.0,4.429881037924152


30.67337,13.19496,2239310.0,1.7878722554890218
config: LDP_IP8_GOP32
PSNR [dB], MS-SSIM [dB],Size [bytes],Rate [Mbit/s]
36.33183,20.59612,23566984.0,18.815955289421158
35.85426,19.56535,14882028.0,11.881858682634732
34.9084,18.33197,10170483.0,8.12014610778443
33.88902,16.99408,6980776.0,5.573473852295408
33.23849,16.19425,5742778.0,4.585052295409182
32.22206,15.00315,4387247.0,3.5027920159680637
30.45248,13.22139,3162977.0,2.5253309381237528
config: AI_IP32_GOP32
PSNR [dB], MS-SSIM [dB],Size [bytes],Rate [Mbit/s]
36.22347,21.02442,43130061.0,34.43517844311377
36.0643,20.25255,32537702.0,25.97820518962076
35.03018,18.92115,23055310.0,18.407433133732535
34.53344,17.97876,17357746.0,13.858479840319362
34.14023,17.3096,14483690.0,11.563824351297406
33.48765,16.36449,11426339.0,9.122825548902197
32.20947,14.83514,8045388.0,6.423463473053892

Sequence: RaceHorses_832x480_30_420
config: RA_IP32_GOP32
PSNR [dB], MS-SSIM [dB],Size [bytes],Rate [Mbit/s]
32.37698,18.78175,4447111.0,3.5576887999999998
31.88107,17.85819,3074845.0,2.459876
30.81585,15.88964,1825601.0,1.4604808
30.00144,14.60493,1215476.0,0.9723808
29.49753,13.76299,937490.0,0.749992
28.79325,12.6002,654764.0,0.5238112
27.75513,11.10957,413030.0,0.330424
config: LDP_IP8_GOP32
PSNR [dB], MS-SSIM [dB],Size [bytes],Rate [Mbit/s]
32.45718,18.9843,4386677.0,3.5093416
32.01354,18.16428,3131316.0,2.5050527999999996
30.93998,16.18779,2026376.0,1.6211008
30.15271,14.9881,1422823.0,1.1382583999999998
29.61069,14.1483,1146808.0,0.9174464
28.83298,12.83234,811141.0,0.6489128000000001
27.67298,11.17224,559742.0,0.44779359999999996
config: AI_IP32_GOP32
PSNR [dB], MS-SSIM [dB],Size [bytes],Rate [Mbit/s]
32.38173,18.74666,6672877.0,5.338301599999999
32.21611,18.34843,5481045.0,4.384836
31.01922,16.25246,3721694.0,2.9773552
30.56533,15.61437,2968027.0,2.3744216
30.23476,15.11788,2555842.0,2.0446736
29.6864,14.30898,2051608.0,1.6412863999999998
28.7244,12.85324,1396240.0,1.116992

Sequence: BQMall_832x480_60_420
config: RA_IP32_GOP32
PSNR [dB], MS-SSIM [dB],Size [bytes],Rate [Mbit/s]
32.54259,20.45692,4131503.0,3.2997028951747085
31.98599,19.28739,2606601.0,2.081811114808652
31.00478,17.44392,1491554.0,1.1912577703826952
30.1029,16.01048,997863.0,0.7969621297836937
29.58981,15.16494,793880.0,0.6340472545757071
28.8067,13.95815,583005.0,0.4656279534109816
27.57028,12.2459,367613.0,0.2936010648918469
config: LDP_IP8_GOP32
PSNR [dB], MS-SSIM [dB],Size [bytes],Rate [Mbit/s]
32.67879,20.83329,5127355.0,4.095058901830282
32.17731,19.79978,3537879.0,2.82559387687188
31.14514,17.94799,2540057.0,2.028664492512479
30.1935,16.39784,1774368.0,1.4171325124792011
29.58121,15.42419,1436967.0,1.1476608319467552
28.72647,14.15181,1059284.0,0.8460171713810315
27.39568,12.29024,798114.0,0.6374288186356072
config: AI_IP32_GOP32
PSNR [dB], MS-SSIM [dB],Size [bytes],Rate [Mbit/s]
32.73192,21.09299,12067718.0,9.63811088186356
32.52952,20.50185,9899036.0,7.906052046589018
31.21184,18.19979,6949665.0,5.550481198003327
30.71296,17.34336,5525182.0,4.412790948419301
30.33486,16.67349,4732324.0,3.779559933444259
29.69403,15.64224,3770826.0,3.011641397670549
28.52136,13.92175,2603827.0,2.079595607321131

Sequence: PartyScene_832x480_50_420
config: RA_IP32_GOP32
PSNR [dB], MS-SSIM [dB],Size [bytes],Rate [Mbit/s]
28.2318,17.79566,4110152.0,3.281558483033932
27.76689,16.73014,2632204.0,2.1015600798403193
26.99431,14.94701,1458747.0,1.1646682634730539
26.32565,13.64205,920645.0,0.7350459081836327
25.97942,12.91262,716541.0,0.572088622754491
25.48052,11.88188,521351.0,0.41624830339321356
24.60522,10.30512,326919.0,0.2610131736526946
config: LDP_IP8_GOP32
PSNR [dB], MS-SSIM [dB],Size [bytes],Rate [Mbit/s]
28.10478,18.04489,6464215.0,5.161049900199601
27.85498,17.37348,4782079.0,3.818027145708583
26.83701,15.0491,3044073.0,2.430397604790419
26.10596,13.72806,2108689.0,1.683584031936128
25.42361,12.72232,1695073.0,1.3533516966067864
24.91362,11.55292,1179191.0,0.941469860279441
24.07884,9.90484,712863.0,0.5691520958083833
config: AI_IP32_GOP32
PSNR [dB], MS-SSIM [dB],Size [bytes],Rate [Mbit/s]
27.63901,17.57988,13526596.0,10.799677445109781
27.56429,17.29108,11608639.0,9.268374451097804
26.6594,15.1634,7850382.0,6.26777005988024
26.41539,14.63944,6546584.0,5.226813572854291
26.23091,14.21766,5779722.0,4.614548502994012
25.86546,13.43973,4751198.0,3.7933716566866265
25.06314,11.85629,3263793.0,2.605822754491018

Sequence: BasketballDrill_832x480_50_420
config: RA_IP32_GOP32
PSNR [dB], MS-SSIM [dB],Size [bytes],Rate [Mbit/s]
33.31958,19.42024,3543064.0,2.8287936127744513
32.78568,18.2767,2299908.0,1.836253892215569
31.61383,16.50504,1333877.0,1.0649716566866267
30.78383,15.23822,915444.0,0.7308934131736526
30.29129,14.50924,740854.0,0.5915001996007984
29.60851,13.41143,557624.0,0.44520878243512974
28.43094,11.88519,370408.0,0.2957349301397205
config: LDP_IP8_GOP32
PSNR [dB], MS-SSIM [dB],Size [bytes],Rate [Mbit/s]
33.48443,20.02924,5086260.0,4.06088622754491
33.10362,19.02366,3444093.0,2.749774850299401
31.68475,16.80347,2182662.0,1.7426443113772454
30.72317,15.41088,1497288.0,1.195439520958084
30.00012,14.5332,1222339.0,0.975919361277445
29.33724,13.2559,889135.0,0.7098882235528942
27.97548,11.60381,604684.0,0.4827816367265469
config: AI_IP32_GOP32
PSNR [dB], MS-SSIM [dB],Size [bytes],Rate [Mbit/s]
33.30677,19.80744,11360235.0,9.070047904191616
33.22203,19.37428,9321320.0,7.442171656686627
31.614,17.35547,6299179.0,5.029284630738522
31.15267,16.45149,4883984.0,3.8993884231536926
30.77385,15.75784,4114801.0,3.2852702594810377
30.21766,14.79078,3233141.0,2.5813500998003995
29.15602,13.26853,2241312.0,1.7894706586826348

Sequence: RaceHorses_416x240_30_420
config: RA_IP32_GOP32
PSNR [dB], MS-SSIM [dB],Size [bytes],Rate [Mbit/s]
31.96398,18.74214,1125776.0,0.9006208
31.15591,17.5828,780310.0,0.624248
30.00413,15.5046,429527.0,0.34362159999999997
28.9041,13.934,266277.0,0.2130216
28.26786,13.05691,205026.0,0.1640208
27.41086,11.88481,143666.0,0.1149328
26.15781,10.27454,91484.0,0.0731872
config: LDP_IP8_GOP32
PSNR [dB], MS-SSIM [dB],Size [bytes],Rate [Mbit/s]
31.96711,18.95456,1161612.0,0.9292895999999999
31.34222,18.02879,853386.0,0.6827088
30.10925,15.88024,546374.0,0.43709919999999997
29.03911,14.40077,376488.0,0.3011904
28.32998,13.39394,298283.0,0.2386264
27.41575,12.08293,213810.0,0.171048
26.04271,10.39771,146697.0,0.1173576
config: AI_IP32_GOP32
PSNR [dB], MS-SSIM [dB],Size [bytes],Rate [Mbit/s]
32.28888,18.88342,1852226.0,1.4817808
31.98353,18.45863,1554059.0,1.2432471999999999
30.32368,16.12851,1053219.0,0.8425752
29.62576,15.41559,853182.0,0.6825456
29.15943,14.84145,738940.0,0.591152
28.42731,13.8763,588906.0,0.47112479999999995
27.25988,12.2637,394424.0,0.3155392

Sequence: BQSquare_416x240_60_420
config: RA_IP32_GOP32
PSNR [dB], MS-SSIM [dB],Size [bytes],Rate [Mbit/s]
26.02963,18.04243,888504.0,0.7096204991680531
25.29755,16.6688,482989.0,0.3857482861896838
24.60464,15.30531,207531.0,0.16574855241264555
23.90956,14.1854,120830.0,0.09650316139767054
23.58105,13.63229,98567.0,0.07872239600665557
23.05267,12.82992,76211.0,0.06086735440931779
22.08503,11.5425,56744.0,0.04531966722129783
config: LDP_IP8_GOP32
PSNR [dB], MS-SSIM [dB],Size [bytes],Rate [Mbit/s]
25.94358,18.58755,1635887.0,1.306532046589018
25.53084,17.6456,1133840.0,0.9055627287853576
24.49141,15.78387,676586.0,0.5403681863560731
23.50499,14.26516,415167.0,0.33158096505823625
23.0199,13.43301,306930.0,0.24513544093178033
22.47706,12.53811,213486.0,0.17050462562396004
21.5623,11.13212,148362.0,0.11849211314475872
config: AI_IP32_GOP32
PSNR [dB], MS-SSIM [dB],Size [bytes],Rate [Mbit/s]
25.7127,18.24769,3788678.0,3.0258992346089846
25.60164,17.91487,3171613.0,2.5330686189683855
24.46327,15.81412,2086182.0,1.666168652246256
24.09189,15.20429,1668061.0,1.3322284193011644
23.81542,14.7116,1435032.0,1.14611540765391
23.31574,13.83728,1129846.0,0.9023728452579034
22.42189,12.36088,749169.0,0.5983379700499167

Sequence: BlowingBubbles_416x240_50_420
config: RA_IP32_GOP32
PSNR [dB], MS-SSIM [dB],Size [bytes],Rate [Mbit/s]
28.42415,17.41877,921720.0,0.7359041916167665
27.85136,16.21465,566937.0,0.4526443113772455
27.06998,14.40737,297287.0,0.23735489021956088
26.36519,13.16202,187485.0,0.14968862275449102
25.99161,12.46983,148285.0,0.11839121756487027
25.45153,11.47211,108889.0,0.0869373253493014
24.60452,9.99565,71741.0,0.05727824351297405
config: LDP_IP8_GOP32
PSNR [dB], MS-SSIM [dB],Size [bytes],Rate [Mbit/s]
28.34478,17.81751,1507330.0,1.2034570858283433
27.99572,17.04516,1103410.0,0.8809660678642715
26.96391,14.65729,688427.0,0.5496423153692616
26.19207,13.29804,444806.0,0.35513453093812375
25.63194,12.37663,345795.0,0.27608383233532935
25.24672,11.42189,232481.0,0.18561357285429142
24.45733,9.92596,147089.0,0.11743632734530939
config: AI_IP32_GOP32
PSNR [dB], MS-SSIM [dB],Size [bytes],Rate [Mbit/s]
28.19454,17.28758,3384855.0,2.7024790419161677
28.0528,16.9958,2894114.0,2.3106698602794413
26.96706,14.72998,1931016.0,1.5417293413173654
26.62791,14.21468,1596717.0,1.2748239520958085
26.38634,13.78098,1401559.0,1.1190091816367265
25.95143,12.96803,1133257.0,0.9047960079840319
25.10422,11.42378,765316.0,0.6110307385229541

Sequence: BasketballPass_416x240_50_420
config: RA_IP32_GOP32
PSNR [dB], MS-SSIM [dB],Size [bytes],Rate [Mbit/s]
32.3795,20.08488,1260552.0,1.00642874251497
31.80361,18.77955,879177.0,0.7019377245508982
30.70682,16.79911,514203.0,0.41054131736526944
29.77642,15.17867,348640.0,0.27835528942115767
29.23881,14.25043,278736.0,0.22254371257485028
28.46461,12.94752,204109.0,0.1629612774451098
27.277,11.16478,131843.0,0.10526387225548903
config: LDP_IP8_GOP32
PSNR [dB], MS-SSIM [dB],Size [bytes],Rate [Mbit/s]
32.39504,20.35921,1423746.0,1.1367233532934133
31.91062,19.24514,1027704.0,0.8205221556886227
30.65932,17.11943,703006.0,0.5612822355289422
29.76176,15.48803,501687.0,0.40054850299401196
29.18683,14.48147,412122.0,0.32903952095808386
28.35614,13.08424,300723.0,0.2400982035928144
27.08963,11.2464,196702.0,0.15704750499002
config: AI_IP32_GOP32
PSNR [dB], MS-SSIM [dB],Size [bytes],Rate [Mbit/s]
32.70664,21.01747,2751749.0,2.1970051896207585
32.48822,20.32109,2267941.0,1.8107313373253493
30.95237,17.93523,1586972.0,1.267043512974052
30.37704,16.92902,1260572.0,1.0064447105788423
30.00396,16.16573,1076673.0,0.8596191616766468
29.36651,14.99653,849927.0,0.6785844311377245
28.22973,13.1645,576383.0,0.4601860279441118

Sequence: FourPeople_1280x720_60_420
config: RA_IP32_GOP32
PSNR [dB], MS-SSIM [dB],Size [bytes],Rate [Mbit/s]
37.44138,22.3113,2502107.0,2.0016856
36.79809,21.43322,1638251.0,1.3106008
35.39242,20.10438,1014241.0,0.8113928
34.32792,18.82937,713560.0,0.570848
33.77159,18.09709,589075.0,0.47125999999999996
32.73425,16.88347,455509.0,0.3644072
30.9556,15.06701,326061.0,0.2608488
config: LDP_IP8_GOP32
PSNR [dB], MS-SSIM [dB],Size [bytes],Rate [Mbit/s]
37.45827,22.67724,5984142.0,4.787313599999999
36.89874,21.80101,3785095.0,3.028076
35.15827,20.1272,2567407.0,2.0539256
33.71926,18.57581,1793604.0,1.4348831999999998
32.77327,17.6933,1471609.0,1.1772871999999999
31.77019,16.3603,1066204.0,0.8529631999999999
29.90408,14.44471,750023.0,0.6000184
config: AI_IP32_GOP32
PSNR [dB], MS-SSIM [dB],Size [bytes],Rate [Mbit/s]
37.64574,23.19629,20820804.0,16.656643199999998
37.2973,22.44905,16460955.0,13.168764
35.18436,20.51522,11796473.0,9.4371784
34.41701,19.52506,9298984.0,7.4391872
33.9038,18.80469,7995782.0,6.396625599999999
32.99711,17.65324,6441402.0,5.1531215999999995
31.44153,15.80315,4554954.0,3.6439632

Sequence: Johnny_1280x720_60_420
config: RA_IP32_GOP32
PSNR [dB], MS-SSIM [dB],Size [bytes],Rate [Mbit/s]
39.39874,21.99973,3114838.0,2.4918704
38.6894,21.00068,1488237.0,1.1905896
37.67219,19.7629,809970.0,0.647976
36.60838,18.4687,507808.0,0.4062464
35.91203,17.66257,388968.0,0.3111744
34.86018,16.83354,271462.0,0.2171696
32.81942,15.69494,217478.0,0.17398239999999998
config: LDP_IP8_GOP32
PSNR [dB], MS-SSIM [dB],Size [bytes],Rate [Mbit/s]
39.51511,22.29449,6012583.0,4.8100664
39.02211,21.47499,3676716.0,2.9413728
37.42265,19.8195,2247831.0,1.7982647999999999
36.26535,18.49732,1443190.0,1.154552
35.39231,17.69209,1113371.0,0.8906968
34.0934,16.63365,676287.0,0.5410296
31.91323,15.33912,487054.0,0.38964319999999997
config: AI_IP32_GOP32
PSNR [dB], MS-SSIM [dB],Size [bytes],Rate [Mbit/s]
39.78605,22.29679,15742339.0,12.593871199999999
39.34054,21.85718,12003488.0,9.6027904
37.55018,19.40123,8239949.0,6.5919592
36.68597,18.63691,6229975.0,4.98398
36.18657,18.11071,5299502.0,4.239601599999999
35.14376,17.30988,4009767.0,3.2078136
33.31269,16.08553,2695160.0,2.156128

Sequence: KristenAndSara_1280x720_60_420
config: RA_IP32_GOP32
PSNR [dB], MS-SSIM [dB],Size [bytes],Rate [Mbit/s]
37.91754,22.58007,2936814.0,2.3494512000000003
37.35383,21.66648,1619516.0,1.2956128
36.17774,20.54786,943156.0,0.7545248
35.1894,19.37132,625886.0,0.5007088
34.59987,18.69489,509304.0,0.4074432
33.60801,17.6288,392382.0,0.31390559999999995
31.58631,16.01607,293406.0,0.23472479999999998
config: LDP_IP8_GOP32
PSNR [dB], MS-SSIM [dB],Size [bytes],Rate [Mbit/s]
37.85167,22.88316,5477356.0,4.3818848
37.38216,22.02583,3427166.0,2.7417328
35.9098,20.64836,2195331.0,1.7562648
34.58535,19.25101,1505663.0,1.2045304
33.71488,18.44532,1246590.0,0.9972719999999999
32.63141,17.26912,896056.0,0.7168448000000001
30.55189,15.51537,644165.0,0.515332
config: AI_IP32_GOP32
PSNR [dB], MS-SSIM [dB],Size [bytes],Rate [Mbit/s]
38.13242,23.23205,16451416.0,13.1611328
37.83175,22.57413,12531360.0,10.025088
36.2583,21.13072,9070616.0,7.256492799999999
35.41571,20.18124,7016292.0,5.6130336
34.84131,19.50139,5947313.0,4.757850400000001
33.82364,18.49036,4767311.0,3.8138487999999997
32.01975,16.80723,3388671.0,2.7109368

