Sequence: Kimono_1920x1080_24_420
config: RA_IP32_GOP32
PSNR [dB], MS-SSIM [dB], Size [bytes], Rate [Mbit/s], QP
41.562,20.459,74684544.0,7.78,22,
39.899,18.478,36783368.0,3.832,27,
37.858,16.256,20124488.0,2.096,32,
35.563,13.866,11286560.0,1.176,37,
33.029,11.354,6349880.0,0.661,42,
30.342,8.888,3383336.0,0.352,47,
config: LDP_IP32_GOP32
PSNR [dB], MS-SSIM [dB], Size [bytes], Rate [Mbit/s], QP
41.339,20.391,80814064.0,8.418,22,
39.432,18.083,36937192.0,3.848,27,
37.275,15.719,19985400.0,2.082,32,
34.881,13.235,11192504.0,1.166,37,
32.331,10.734,6535576.0,0.681,42,
29.847,8.417,3982912.0,0.415,47,
config: AI_IP32_GOP32
PSNR [dB], MS-SSIM [dB], Size [bytes], Rate [Mbit/s], QP
40.618,19.56,158096872.0,16.468,22,
38.468,17.052,87936936.0,9.16,27,
36.219,14.647,50675680.0,5.279,32,
33.884,12.249,29939920.0,3.119,37,
31.504,9.948,17386432.0,1.811,42,
29.614,8.444,10141832.0,1.056,47,

Sequence: ParkScene_1920x1080_24_420
config: RA_IP32_GOP32
PSNR [dB], MS-SSIM [dB], Size [bytes], Rate [Mbit/s], QP
39.75,20.355,95070832.0,9.903,22,
37.508,18.062,44237464.0,4.608,27,
35.156,15.59,22454672.0,2.339,32,
32.84,13.115,11879296.0,1.237,37,
30.607,10.68,6443232.0,0.671,42,
28.49,8.415,3460752.0,0.36,47,
config: LDP_IP32_GOP32
PSNR [dB], MS-SSIM [dB], Size [bytes], Rate [Mbit/s], QP
38.837,19.53,93915320.0,9.783,22,
36.256,16.75,39116704.0,4.075,27,
33.861,14.203,18873592.0,1.966,32,
31.597,11.699,9870104.0,1.028,37,
29.334,9.231,5300704.0,0.552,42,
27.573,7.385,3082736.0,0.321,47,
config: AI_IP32_GOP32
PSNR [dB], MS-SSIM [dB], Size [bytes], Rate [Mbit/s], QP
37.089,17.732,246484112.0,25.675,22,
34.421,14.854,127531328.0,13.285,27,
32.01,12.203,63768744.0,6.643,32,
29.899,9.872,32150576.0,3.349,37,
28.136,7.976,17120480.0,1.783,42,
27.018,6.975,9854480.0,1.027,47,

Sequence: Cactus_1920x1080_50_420
config: RA_IP32_GOP32
PSNR [dB], MS-SSIM [dB], Size [bytes], Rate [Mbit/s], QP
38.277,19.37,215808168.0,10.79,22,
36.818,17.757,83028976.0,4.151,27,
34.977,15.804,43116128.0,2.156,32,
32.885,13.606,24238232.0,1.212,37,
30.658,11.347,14101704.0,0.705,42,
28.362,9.125,8247704.0,0.412,47,
config: LDP_IP32_GOP32
PSNR [dB], MS-SSIM [dB], Size [bytes], Rate [Mbit/s], QP
37.872,19.215,210776624.0,10.539,22,
35.957,17.133,77312424.0,3.866,27,
33.83,14.92,39784688.0,1.989,32,
31.595,12.572,22855576.0,1.143,37,
29.275,10.265,14219280.0,0.711,42,
27.266,8.273,9089032.0,0.454,47,
config: AI_IP32_GOP32
PSNR [dB], MS-SSIM [dB], Size [bytes], Rate [Mbit/s], QP
36.886,18.14,461617360.0,23.081,22,
34.533,15.737,251219056.0,12.561,27,
32.169,13.332,139458208.0,6.973,32,
29.874,10.92,79958736.0,3.998,37,
27.883,8.931,47688640.0,2.384,42,
26.463,7.682,28979336.0,1.449,47,

Sequence: BQTerrace_1920x1080_60_420
config: RA_IP32_GOP32
PSNR [dB], MS-SSIM [dB], Size [bytes], Rate [Mbit/s], QP
36.949,19.25,404337008.0,16.847,22,
35.412,17.637,104043752.0,4.335,27,
33.831,16.116,40458176.0,1.686,32,
31.889,14.285,21332496.0,0.889,37,
29.712,12.307,12548736.0,0.523,42,
27.295,10.097,7873984.0,0.328,47,
config: LDP_IP32_GOP32
PSNR [dB], MS-SSIM [dB], Size [bytes], Rate [Mbit/s], QP
36.624,19.137,427298744.0,17.804,22,
34.28,16.829,72798152.0,3.033,27,
32.145,14.973,30988656.0,1.291,32,
30.045,13.019,16893120.0,0.704,37,
27.767,10.82,10220264.0,0.426,42,
25.765,8.775,7222232.0,0.301,47,
config: AI_IP32_GOP32
PSNR [dB], MS-SSIM [dB], Size [bytes], Rate [Mbit/s], QP
35.346,17.651,607002576.0,25.292,22,
32.711,15.379,318809616.0,13.284,27,
30.079,13.111,171081296.0,7.128,32,
27.561,10.757,89896976.0,3.746,37,
25.495,8.692,48246576.0,2.01,42,
24.161,7.386,30842656.0,1.285,47,

Sequence: BasketballDrive_1920x1080_50_420
config: RA_IP32_GOP32
PSNR [dB], MS-SSIM [dB], Size [bytes], Rate [Mbit/s], QP
39.03,19.724,204364488.0,10.218,22,
37.369,17.845,83299408.0,4.165,27,
35.412,15.738,45291016.0,2.265,32,
33.264,13.53,26356224.0,1.318,37,
30.937,11.221,16075880.0,0.804,42,
28.555,9.031,9754376.0,0.488,47,
config: LDP_IP32_GOP32
PSNR [dB], MS-SSIM [dB], Size [bytes], Rate [Mbit/s], QP
39.018,19.748,231742512.0,11.587,22,
36.888,17.414,85767696.0,4.288,27,
34.697,15.192,45057256.0,2.253,32,
32.508,12.924,26180496.0,1.309,37,
30.226,10.614,16311704.0,0.816,42,
28.219,8.7,10882680.0,0.544,47,
config: AI_IP32_GOP32
PSNR [dB], MS-SSIM [dB], Size [bytes], Rate [Mbit/s], QP
38.752,19.27,362487256.0,18.124,22,
36.635,16.946,188212960.0,9.411,27,
34.396,14.75,107080056.0,5.354,32,
31.96,12.396,64390328.0,3.22,37,
29.537,10.018,40046560.0,2.002,42,
27.463,8.371,23625024.0,1.181,47,

Sequence: RaceHorses_832x480_30_420
config: RA_IP32_GOP32
PSNR [dB], MS-SSIM [dB], Size [bytes], Rate [Mbit/s], QP
37.598,19.968,43881232.0,3.657,22,
34.787,17.324,21344464.0,1.779,27,
32.126,14.655,10971880.0,0.914,32,
29.683,11.86,5805720.0,0.484,37,
27.626,9.218,3326800.0,0.277,42,
25.943,7.296,1922704.0,0.16,47,
config: LDP_IP32_GOP32
PSNR [dB], MS-SSIM [dB], Size [bytes], Rate [Mbit/s], QP
36.959,19.337,41084936.0,3.424,22,
33.891,16.442,19590576.0,1.633,27,
31.174,13.579,10034296.0,0.836,32,
28.91,10.605,5559392.0,0.463,37,
27.068,8.351,3389512.0,0.282,42,
25.717,6.986,2240360.0,0.187,47,
config: AI_IP32_GOP32
PSNR [dB], MS-SSIM [dB], Size [bytes], Rate [Mbit/s], QP
36.263,18.533,75703904.0,6.309,22,
33.009,15.329,41290736.0,3.441,27,
30.241,12.262,20815040.0,1.735,32,
28.314,10.0,11748728.0,0.979,37,
26.768,8.312,7376168.0,0.615,42,
25.549,7.139,4422768.0,0.369,47,

Sequence: BQMall_832x480_60_420
config: RA_IP32_GOP32
PSNR [dB], MS-SSIM [dB], Size [bytes], Rate [Mbit/s], QP
39.427,22.094,42915128.0,1.788,22,
36.974,19.757,22162208.0,0.923,27,
34.372,17.255,12243808.0,0.51,32,
31.795,14.788,7026176.0,0.293,37,
29.286,12.337,4153976.0,0.173,42,
26.897,9.869,2612032.0,0.109,47,
config: LDP_IP32_GOP32
PSNR [dB], MS-SSIM [dB], Size [bytes], Rate [Mbit/s], QP
38.744,21.377,45874576.0,1.911,22,
35.915,18.741,22390048.0,0.933,27,
33.148,16.163,12165128.0,0.507,32,
30.595,13.685,7200944.0,0.3,37,
28.132,11.209,4591864.0,0.191,42,
26.059,8.916,3244584.0,0.135,47,
config: AI_IP32_GOP32
PSNR [dB], MS-SSIM [dB], Size [bytes], Rate [Mbit/s], QP
36.752,19.354,117643712.0,4.902,22,
33.737,16.546,67735608.0,2.822,27,
30.878,13.887,38395136.0,1.6,32,
28.287,11.349,21805032.0,0.909,37,
26.254,9.168,12998544.0,0.542,42,
24.754,7.661,8052736.0,0.336,47,

Sequence: PartyScene_832x480_50_420
config: RA_IP32_GOP32
PSNR [dB], MS-SSIM [dB], Size [bytes], Rate [Mbit/s], QP
36.891,21.856,72539208.0,3.627,22,
33.926,18.937,36314944.0,1.816,27,
31.094,16.089,17991048.0,0.9,32,
28.513,13.361,9059712.0,0.453,37,
26.222,10.721,4674056.0,0.234,42,
24.193,8.08,2437736.0,0.122,47,
config: LDP_IP32_GOP32
PSNR [dB], MS-SSIM [dB], Size [bytes], Rate [Mbit/s], QP
35.179,19.871,72072232.0,3.604,22,
31.824,16.853,32261360.0,1.613,27,
28.953,14.048,15002936.0,0.75,32,
26.619,11.389,7464784.0,0.373,37,
24.518,8.577,4042064.0,0.202,42,
22.976,6.205,2395800.0,0.12,47,
config: AI_IP32_GOP32
PSNR [dB], MS-SSIM [dB], Size [bytes], Rate [Mbit/s], QP
32.813,17.389,169534192.0,8.477,22,
29.379,14.286,90143656.0,4.507,27,
26.528,11.274,43780152.0,2.189,32,
24.419,8.374,21714224.0,1.086,37,
23.084,6.327,10886368.0,0.544,42,
22.421,5.458,6979392.0,0.349,47,

Sequence: BasketballDrill_832x480_50_420
config: RA_IP32_GOP32
PSNR [dB], MS-SSIM [dB], Size [bytes], Rate [Mbit/s], QP
39.706,21.563,43328544.0,2.166,22,
36.984,18.615,23264296.0,1.163,27,
34.359,15.775,12482288.0,0.624,32,
31.935,13.299,7005592.0,0.35,37,
29.64,11.037,4269600.0,0.213,42,
27.415,8.808,2630064.0,0.132,47,
config: LDP_IP32_GOP32
PSNR [dB], MS-SSIM [dB], Size [bytes], Rate [Mbit/s], QP
38.705,20.639,45412592.0,2.271,22,
35.804,17.449,23350504.0,1.168,27,
33.182,14.633,12761424.0,0.638,32,
30.807,12.127,7602200.0,0.38,37,
28.541,9.823,4935208.0,0.247,42,
26.52,7.719,3374248.0,0.169,47,
config: AI_IP32_GOP32
PSNR [dB], MS-SSIM [dB], Size [bytes], Rate [Mbit/s], QP
36.56,18.244,112652816.0,5.633,22,
33.745,15.391,60580336.0,3.029,27,
31.288,12.993,35199832.0,1.76,32,
28.962,10.72,21880912.0,1.094,37,
26.996,8.421,13953640.0,0.698,42,
25.627,6.873,7461016.0,0.373,47,

Sequence: RaceHorses_416x240_30_420
config: RA_IP32_GOP32
PSNR [dB], MS-SSIM [dB], Size [bytes], Rate [Mbit/s], QP
37.573,20.595,11406336.0,0.951,22,
34.466,17.46,6069120.0,0.506,27,
31.644,14.45,3205480.0,0.267,32,
29.175,11.628,1721088.0,0.143,37,
27.007,9.198,982728.0,0.082,42,
25.157,7.308,571584.0,0.048,47,
config: LDP_IP32_GOP32
PSNR [dB], MS-SSIM [dB], Size [bytes], Rate [Mbit/s], QP
36.707,19.624,10963528.0,0.914,22,
33.515,16.338,5714152.0,0.476,27,
30.8,13.294,3042416.0,0.254,32,
28.449,10.523,1730104.0,0.144,37,
26.381,8.466,1101336.0,0.092,42,
24.797,6.878,751440.0,0.063,47,
config: AI_IP32_GOP32
PSNR [dB], MS-SSIM [dB], Size [bytes], Rate [Mbit/s], QP
35.33,18.146,21546000.0,1.796,22,
32.16,14.664,11443416.0,0.954,27,
29.661,11.945,6261144.0,0.522,32,
27.537,9.812,3828536.0,0.319,37,
25.728,8.025,2399200.0,0.2,42,
24.297,6.752,1476920.0,0.123,47,

Sequence: BQSquare_416x240_60_420
config: RA_IP32_GOP32
PSNR [dB], MS-SSIM [dB], Size [bytes], Rate [Mbit/s], QP
36.39,21.932,18215776.0,0.759,22,
33.671,19.345,8646304.0,0.36,27,
31.037,16.839,4192392.0,0.175,32,
28.468,14.797,2221576.0,0.093,37,
26.015,13.104,1287784.0,0.054,42,
23.684,11.187,798472.0,0.033,47,
config: LDP_IP32_GOP32
PSNR [dB], MS-SSIM [dB], Size [bytes], Rate [Mbit/s], QP
35.298,20.222,20746536.0,0.864,22,
31.73,17.571,8224296.0,0.343,27,
28.636,15.21,3487256.0,0.145,32,
26.141,13.309,1854640.0,0.077,37,
23.917,11.416,1199568.0,0.05,42,
22.121,9.579,900064.0,0.038,47,
config: AI_IP32_GOP32
PSNR [dB], MS-SSIM [dB], Size [bytes], Rate [Mbit/s], QP
32.148,17.281,50817032.0,2.117,22,
28.484,14.688,27448312.0,1.144,27,
25.329,12.578,13893672.0,0.579,32,
22.881,10.458,6973856.0,0.291,37,
21.217,8.543,3961328.0,0.165,42,
20.18,7.202,2798944.0,0.117,47,

Sequence: BlowingBubbles_416x240_50_420
config: RA_IP32_GOP32
PSNR [dB], MS-SSIM [dB], Size [bytes], Rate [Mbit/s], QP
37.118,22.078,17613312.0,0.881,22,
34.087,19.043,8731368.0,0.437,27,
31.277,16.136,4354512.0,0.218,32,
28.789,13.405,2216112.0,0.111,37,
26.622,10.853,1153336.0,0.058,42,
24.715,8.433,599312.0,0.03,47,
config: LDP_IP32_GOP32
PSNR [dB], MS-SSIM [dB], Size [bytes], Rate [Mbit/s], QP
35.876,20.591,18979408.0,0.949,22,
32.571,17.425,8568064.0,0.428,27,
29.743,14.526,4004560.0,0.2,32,
27.406,11.862,2023048.0,0.101,37,
25.344,9.277,1157320.0,0.058,42,
23.735,7.1,698424.0,0.035,47,
config: AI_IP32_GOP32
PSNR [dB], MS-SSIM [dB], Size [bytes], Rate [Mbit/s], QP
32.92,17.504,45617584.0,2.281,22,
29.66,14.253,23721728.0,1.186,27,
27.042,11.351,11879200.0,0.594,32,
25.072,8.798,6274408.0,0.314,37,
23.726,6.877,3399296.0,0.17,42,
22.931,5.818,2202576.0,0.11,47,

Sequence: BasketballPass_416x240_50_420
config: RA_IP32_GOP32
PSNR [dB], MS-SSIM [dB], Size [bytes], Rate [Mbit/s], QP
39.023,21.962,15009304.0,0.75,22,
35.87,18.723,8159320.0,0.408,27,
33.002,15.716,4439464.0,0.222,32,
30.446,12.956,2469704.0,0.123,37,
28.14,10.445,1435048.0,0.072,42,
26.065,8.179,811144.0,0.041,47,
config: LDP_IP32_GOP32
PSNR [dB], MS-SSIM [dB], Size [bytes], Rate [Mbit/s], QP
38.475,20.967,15850064.0,0.793,22,
35.23,17.684,8524768.0,0.426,27,
32.354,14.688,4668888.0,0.233,32,
29.841,12.004,2723600.0,0.136,37,
27.535,9.676,1735096.0,0.087,42,
25.657,7.678,1159480.0,0.058,47,
config: AI_IP32_GOP32
PSNR [dB], MS-SSIM [dB], Size [bytes], Rate [Mbit/s], QP
37.024,19.139,29208456.0,1.46,22,
33.905,15.963,16484584.0,0.824,27,
31.158,13.204,9209192.0,0.46,32,
28.755,10.852,5399576.0,0.27,37,
26.86,8.9,3426872.0,0.171,42,
25.293,7.276,2031576.0,0.102,47,

Sequence: FourPeople_1280x720_60_420
config: RA_IP32_GOP32
PSNR [dB], MS-SSIM [dB], Size [bytes], Rate [Mbit/s], QP
43.058,23.235,41004712.0,1.709,22,
41.3,21.793,19135040.0,0.797,27,
39.035,19.777,11139432.0,0.464,32,
36.44,17.5,6761312.0,0.282,37,
33.655,15.018,4046040.0,0.169,42,
30.791,12.483,2361352.0,0.098,47,
config: LDP_IP32_GOP32
PSNR [dB], MS-SSIM [dB], Size [bytes], Rate [Mbit/s], QP
42.162,22.887,54769816.0,2.282,22,
39.848,20.84,18001792.0,0.75,27,
37.226,18.652,10005248.0,0.417,32,
34.438,16.273,6235376.0,0.26,37,
31.611,13.734,3993768.0,0.166,42,
28.956,11.165,2558952.0,0.107,47,
config: AI_IP32_GOP32
PSNR [dB], MS-SSIM [dB], Size [bytes], Rate [Mbit/s], QP
39.746,20.837,186064648.0,7.753,22,
36.794,18.321,112082464.0,4.67,27,
33.778,15.735,67268768.0,2.803,32,
30.865,13.089,39706344.0,1.654,37,
28.371,10.589,24024472.0,1.001,42,
26.409,8.69,14669568.0,0.611,47,

Sequence: Johnny_1280x720_60_420
config: RA_IP32_GOP32
PSNR [dB], MS-SSIM [dB], Size [bytes], Rate [Mbit/s], QP
43.479,22.532,34249320.0,1.427,22,
42.025,21.3,12671656.0,0.528,27,
40.093,19.587,7023448.0,0.293,32,
37.772,17.555,4137704.0,0.172,37,
35.174,15.428,2315208.0,0.096,42,
32.534,13.468,1374928.0,0.057,47,
config: LDP_IP32_GOP32
PSNR [dB], MS-SSIM [dB], Size [bytes], Rate [Mbit/s], QP
42.893,22.472,59630968.0,2.485,22,
40.836,20.603,12491032.0,0.52,27,
38.58,18.682,6220072.0,0.259,32,
36.118,16.599,3808000.0,0.159,37,
33.607,14.538,2416288.0,0.101,42,
31.319,12.804,1790920.0,0.075,47,
config: AI_IP32_GOP32
PSNR [dB], MS-SSIM [dB], Size [bytes], Rate [Mbit/s], QP
41.57,21.411,161255400.0,6.719,22,
38.855,18.925,88446264.0,3.685,27,
36.137,16.599,49706432.0,2.071,32,
33.512,14.598,28492352.0,1.187,37,
31.165,12.83,18962104.0,0.79,42,
28.946,11.184,12606312.0,0.525,47,

Sequence: KristenAndSara_1280x720_60_420
config: RA_IP32_GOP32
PSNR [dB], MS-SSIM [dB], Size [bytes], Rate [Mbit/s], QP
43.657,22.938,38065328.0,1.586,22,
42.033,21.529,16585632.0,0.691,27,
39.898,19.636,9374704.0,0.391,32,
37.396,17.466,5637304.0,0.235,37,
34.61,15.136,3384000.0,0.141,42,
31.668,12.759,2005792.0,0.084,47,
config: LDP_IP32_GOP32
PSNR [dB], MS-SSIM [dB], Size [bytes], Rate [Mbit/s], QP
42.9,22.91,60446296.0,2.519,22,
40.612,20.932,17257400.0,0.719,27,
38.057,18.88,9092544.0,0.379,32,
35.255,16.645,5647952.0,0.235,37,
32.427,14.287,3635600.0,0.151,42,
29.926,12.026,2398272.0,0.1,47,
config: AI_IP32_GOP32
PSNR [dB], MS-SSIM [dB], Size [bytes], Rate [Mbit/s], QP
40.923,21.562,158255728.0,6.594,22,
38.05,19.263,94055640.0,3.919,27,
35.019,16.881,57963464.0,2.415,32,
32.116,14.459,36000008.0,1.5,37,
29.628,12.142,23254280.0,0.969,42,
27.283,10.139,14878384.0,0.62,47,

