Sequence: Kimono_1920x1080_24_420
config: RA_IP32_GOP32
PSNR [dB], MS-SSIM [dB], Size [bytes], Rate [Mbit/s], QP
41.919,20.458,58428680.0,6.086,22,
40.264,18.452,28012200.0,2.918,27,
38.238,16.227,14397680.0,1.5,32,
35.948,13.918,7133408.0,0.743,37,
33.46,11.616,3400936.0,0.354,42,
31.124,9.547,1670520.0,0.174,47,
config: LDP_IP32_GOP32
PSNR [dB], MS-SSIM [dB], Size [bytes], Rate [Mbit/s], QP
42.049,20.727,76862920.0,8.007,22,
40.273,18.499,34285224.0,3.571,27,
38.178,16.16,17484816.0,1.821,32,
35.76,13.723,8880264.0,0.925,37,
33.0,11.195,4151200.0,0.432,42,
30.323,8.929,1898192.0,0.198,47,
config: AI_IP32_GOP32
PSNR [dB], MS-SSIM [dB], Size [bytes], Rate [Mbit/s], QP
41.66,20.176,148403712.0,15.459,22,
39.66,17.792,84532552.0,8.805,27,
37.454,15.428,49406536.0,5.147,32,
35.054,13.059,28864488.0,3.007,37,
32.604,10.676,16368864.0,1.705,42,
30.702,8.873,10687392.0,1.113,47,

Sequence: ParkScene_1920x1080_24_420
config: RA_IP32_GOP32
PSNR [dB], MS-SSIM [dB], Size [bytes], Rate [Mbit/s], QP
40.353,20.659,90736152.0,9.452,22,
38.105,18.346,40895056.0,4.26,27,
35.739,15.859,19097864.0,1.989,32,
33.381,13.385,8754344.0,0.912,37,
31.12,11.105,3923648.0,0.409,42,
29.002,8.951,1751528.0,0.182,47,
config: LDP_IP32_GOP32
PSNR [dB], MS-SSIM [dB], Size [bytes], Rate [Mbit/s], QP
39.88,20.116,109351824.0,11.391,22,
37.361,17.447,45307408.0,4.72,27,
34.882,14.848,20039984.0,2.087,32,
32.487,12.407,8923480.0,0.93,37,
30.099,10.05,3746856.0,0.39,42,
27.949,7.957,1661648.0,0.173,47,
config: AI_IP32_GOP32
PSNR [dB], MS-SSIM [dB], Size [bytes], Rate [Mbit/s], QP
38.408,18.357,265515744.0,27.658,22,
35.683,15.53,138786536.0,14.457,27,
33.168,13.063,70977824.0,7.394,32,
30.794,10.626,33736368.0,3.514,37,
28.773,8.407,16052760.0,1.672,42,
27.935,7.484,11682216.0,1.217,47,

Sequence: Cactus_1920x1080_50_420
config: RA_IP32_GOP32
PSNR [dB], MS-SSIM [dB], Size [bytes], Rate [Mbit/s], QP
38.773,19.524,204141872.0,10.207,22,
37.313,17.882,74735984.0,3.737,27,
35.49,15.934,35380376.0,1.769,32,
33.31,13.736,17897496.0,0.895,37,
30.988,11.501,8922416.0,0.446,42,
28.653,9.239,4582912.0,0.229,47,
config: LDP_IP32_GOP32
PSNR [dB], MS-SSIM [dB], Size [bytes], Rate [Mbit/s], QP
38.746,19.58,261482264.0,13.074,22,
36.949,17.626,81955496.0,4.098,27,
34.923,15.508,38802248.0,1.94,32,
32.571,13.196,19419992.0,0.971,37,
29.976,10.79,9301608.0,0.465,42,
27.586,8.497,4479184.0,0.224,47,
config: AI_IP32_GOP32
PSNR [dB], MS-SSIM [dB], Size [bytes], Rate [Mbit/s], QP
38.104,18.725,479973752.0,23.999,22,
35.935,16.435,256590768.0,12.83,27,
33.685,14.212,145034584.0,7.252,32,
31.28,11.878,79900872.0,3.995,37,
28.853,9.434,42373416.0,2.119,42,
27.726,8.281,31173128.0,1.559,47,

Sequence: BQTerrace_1920x1080_60_420
config: RA_IP32_GOP32
PSNR [dB], MS-SSIM [dB], Size [bytes], Rate [Mbit/s], QP
37.556,19.48,339861360.0,14.161,22,
36.1,18.016,99189552.0,4.133,27,
34.606,16.492,33520600.0,1.397,32,
32.728,14.711,14783232.0,0.616,37,
30.489,12.82,7440648.0,0.31,42,
28.0,10.646,3960368.0,0.165,47,
config: LDP_IP32_GOP32
PSNR [dB], MS-SSIM [dB], Size [bytes], Rate [Mbit/s], QP
37.728,19.404,471359248.0,19.64,22,
35.524,17.433,96556208.0,4.023,27,
33.647,15.712,31532072.0,1.314,32,
31.481,13.874,13426608.0,0.559,37,
29.015,11.827,6583552.0,0.274,42,
26.551,9.607,3414088.0,0.142,47,
config: AI_IP32_GOP32
PSNR [dB], MS-SSIM [dB], Size [bytes], Rate [Mbit/s], QP
37.006,18.352,697675504.0,29.07,22,
34.538,16.151,351414672.0,14.642,27,
32.082,14.212,192789496.0,8.033,32,
29.485,12.057,101382176.0,4.224,37,
26.945,9.728,52658336.0,2.194,42,
26.088,8.735,42013808.0,1.751,47,

Sequence: BasketballDrive_1920x1080_50_420
config: RA_IP32_GOP32
PSNR [dB], MS-SSIM [dB], Size [bytes], Rate [Mbit/s], QP
39.649,20.061,178060416.0,8.903,22,
38.098,18.251,70966632.0,3.548,27,
36.258,16.206,35601072.0,1.78,32,
34.086,14.029,18140096.0,0.907,37,
31.593,11.781,8833984.0,0.442,42,
29.163,9.591,4753624.0,0.238,47,
config: LDP_IP32_GOP32
PSNR [dB], MS-SSIM [dB], Size [bytes], Rate [Mbit/s], QP
39.962,20.275,245761856.0,12.288,22,
38.173,18.241,89438848.0,4.472,27,
36.235,16.113,43255288.0,2.163,32,
33.947,13.851,22019416.0,1.101,37,
31.255,11.425,10661888.0,0.533,42,
28.554,9.147,5255600.0,0.263,47,
config: AI_IP32_GOP32
PSNR [dB], MS-SSIM [dB], Size [bytes], Rate [Mbit/s], QP
39.95,20.013,384837712.0,19.242,22,
38.057,17.82,190416584.0,9.521,27,
36.105,15.709,109427160.0,5.471,32,
33.847,13.549,65250824.0,3.263,37,
31.283,11.171,38134664.0,1.907,42,
29.417,9.354,26034848.0,1.302,47,

Sequence: RaceHorses_832x480_30_420
config: RA_IP32_GOP32
PSNR [dB], MS-SSIM [dB], Size [bytes], Rate [Mbit/s], QP
38.194,20.008,45610280.0,3.801,22,
35.431,17.366,22032584.0,1.836,27,
32.644,14.593,10632960.0,0.886,32,
29.9,11.788,4941040.0,0.412,37,
27.546,9.15,2137896.0,0.178,42,
25.839,7.183,1074432.0,0.09,47,
config: LDP_IP32_GOP32
PSNR [dB], MS-SSIM [dB], Size [bytes], Rate [Mbit/s], QP
38.175,19.812,48706024.0,4.059,22,
35.157,16.921,22958192.0,1.913,27,
32.228,13.997,10781808.0,0.898,32,
29.438,10.974,4822064.0,0.402,37,
27.074,8.305,2078024.0,0.173,42,
25.306,6.621,1110008.0,0.093,47,
config: AI_IP32_GOP32
PSNR [dB], MS-SSIM [dB], Size [bytes], Rate [Mbit/s], QP
37.966,19.357,83377352.0,6.948,22,
34.716,16.208,48504368.0,4.042,27,
31.722,13.28,27126416.0,2.261,32,
29.313,10.547,15316112.0,1.276,37,
27.374,8.448,10138648.0,0.845,42,
26.546,7.538,8776440.0,0.731,47,

Sequence: BQMall_832x480_60_420
config: RA_IP32_GOP32
PSNR [dB], MS-SSIM [dB], Size [bytes], Rate [Mbit/s], QP
40.301,22.585,44195328.0,1.841,22,
37.921,20.154,22078120.0,0.92,27,
35.296,17.519,11611280.0,0.484,32,
32.555,14.849,6158976.0,0.257,37,
29.824,12.324,3296432.0,0.137,42,
27.215,9.817,1841968.0,0.077,47,
config: LDP_IP32_GOP32
PSNR [dB], MS-SSIM [dB], Size [bytes], Rate [Mbit/s], QP
39.976,22.033,54685384.0,2.279,22,
37.355,19.412,26261944.0,1.094,27,
34.601,16.674,13226568.0,0.551,32,
31.758,14.009,6852568.0,0.286,37,
28.854,11.393,3537112.0,0.147,42,
26.182,8.874,1908816.0,0.08,47,
config: AI_IP32_GOP32
PSNR [dB], MS-SSIM [dB], Size [bytes], Rate [Mbit/s], QP
38.529,20.098,132954584.0,5.54,22,
35.577,17.226,82172160.0,3.424,27,
32.702,14.733,51653448.0,2.152,32,
29.826,12.167,32443768.0,1.352,37,
27.245,9.547,21489720.0,0.895,42,
26.29,8.422,18637400.0,0.777,47,

Sequence: PartyScene_832x480_50_420
config: RA_IP32_GOP32
PSNR [dB], MS-SSIM [dB], Size [bytes], Rate [Mbit/s], QP
38.165,22.688,79176376.0,3.959,22,
35.147,19.622,39988000.0,1.999,27,
32.205,16.64,19251624.0,0.963,32,
29.374,13.713,8829680.0,0.441,37,
26.746,10.934,3916256.0,0.196,42,
24.424,8.193,1738280.0,0.087,47,
config: LDP_IP32_GOP32
PSNR [dB], MS-SSIM [dB], Size [bytes], Rate [Mbit/s], QP
36.566,20.745,85387112.0,4.269,22,
33.277,17.677,38911104.0,1.946,27,
30.208,14.673,17425928.0,0.871,32,
27.423,11.776,7440688.0,0.372,37,
24.911,8.906,2994944.0,0.15,42,
23.043,6.337,1362136.0,0.068,47,
config: AI_IP32_GOP32
PSNR [dB], MS-SSIM [dB], Size [bytes], Rate [Mbit/s], QP
34.676,18.377,200811768.0,10.041,22,
31.266,15.253,117230944.0,5.862,27,
28.082,12.34,63116656.0,3.156,32,
25.258,9.206,30250264.0,1.513,37,
23.463,6.492,17393624.0,0.87,42,
23.207,6.087,16493680.0,0.825,47,

Sequence: BasketballDrill_832x480_50_420
config: RA_IP32_GOP32
PSNR [dB], MS-SSIM [dB], Size [bytes], Rate [Mbit/s], QP
40.51,22.026,39728896.0,1.986,22,
37.826,19.131,20948384.0,1.047,27,
35.133,16.238,11050392.0,0.553,32,
32.53,13.485,5751792.0,0.288,37,
29.978,10.899,3000048.0,0.15,42,
27.556,8.428,1668720.0,0.083,47,
config: LDP_IP32_GOP32
PSNR [dB], MS-SSIM [dB], Size [bytes], Rate [Mbit/s], QP
40.189,21.491,47838088.0,2.392,22,
37.394,18.49,24429776.0,1.221,27,
34.711,15.616,12669184.0,0.633,32,
32.075,12.875,6676912.0,0.334,37,
29.314,10.118,3389424.0,0.169,42,
26.656,7.509,1710624.0,0.086,47,
config: AI_IP32_GOP32
PSNR [dB], MS-SSIM [dB], Size [bytes], Rate [Mbit/s], QP
38.569,19.492,120065936.0,6.003,22,
35.668,16.496,68337112.0,3.417,27,
33.085,13.93,41493696.0,2.075,32,
30.508,11.516,26633728.0,1.332,37,
27.859,8.869,17331056.0,0.867,42,
26.665,7.426,14669608.0,0.733,47,

Sequence: RaceHorses_416x240_30_420
config: RA_IP32_GOP32
PSNR [dB], MS-SSIM [dB], Size [bytes], Rate [Mbit/s], QP
38.203,20.716,12165488.0,1.014,22,
35.035,17.491,6481472.0,0.54,27,
31.953,14.289,3321616.0,0.277,32,
29.231,11.378,1648072.0,0.137,37,
26.915,8.932,836208.0,0.07,42,
24.937,6.923,502944.0,0.042,47,
config: LDP_IP32_GOP32
PSNR [dB], MS-SSIM [dB], Size [bytes], Rate [Mbit/s], QP
37.878,20.112,13075208.0,1.09,22,
34.6,16.787,6838032.0,0.57,27,
31.537,13.514,3396248.0,0.283,32,
28.779,10.523,1643736.0,0.137,37,
26.169,8.016,822336.0,0.069,42,
24.193,6.18,522824.0,0.044,47,
config: AI_IP32_GOP32
PSNR [dB], MS-SSIM [dB], Size [bytes], Rate [Mbit/s], QP
37.152,19.071,27719080.0,2.31,22,
33.855,15.632,17614040.0,1.468,27,
31.095,12.735,11858880.0,0.988,32,
28.588,10.238,8782616.0,0.732,37,
26.294,7.99,7175480.0,0.598,42,
25.612,7.211,6860304.0,0.572,47,

Sequence: BQSquare_416x240_60_420
config: RA_IP32_GOP32
PSNR [dB], MS-SSIM [dB], Size [bytes], Rate [Mbit/s], QP
37.995,22.931,20072176.0,0.836,22,
35.185,20.042,9734904.0,0.406,27,
32.349,17.272,4647136.0,0.194,32,
29.38,14.941,2371432.0,0.099,37,
26.44,13.056,1390928.0,0.058,42,
23.656,10.981,904552.0,0.038,47,
config: LDP_IP32_GOP32
PSNR [dB], MS-SSIM [dB], Size [bytes], Rate [Mbit/s], QP
36.817,21.081,26182312.0,1.091,22,
33.355,18.192,10800440.0,0.45,27,
29.982,15.647,4457208.0,0.186,32,
26.996,13.643,2028088.0,0.085,37,
24.326,11.696,1146544.0,0.048,42,
22.005,9.53,776288.0,0.032,47,
config: AI_IP32_GOP32
PSNR [dB], MS-SSIM [dB], Size [bytes], Rate [Mbit/s], QP
34.325,17.767,68016960.0,2.834,22,
30.799,15.33,44006832.0,1.834,27,
27.442,13.308,28756952.0,1.198,32,
24.238,11.065,19184296.0,0.799,37,
22.276,9.16,15177392.0,0.632,42,
21.917,8.703,14835600.0,0.618,47,

Sequence: BlowingBubbles_416x240_50_420
config: RA_IP32_GOP32
PSNR [dB], MS-SSIM [dB], Size [bytes], Rate [Mbit/s], QP
38.189,22.833,20124096.0,1.006,22,
35.156,19.735,10137000.0,0.507,27,
32.172,16.619,4959440.0,0.248,32,
29.423,13.634,2404328.0,0.12,37,
26.942,10.901,1228424.0,0.061,42,
24.727,8.283,709936.0,0.035,47,
config: LDP_IP32_GOP32
PSNR [dB], MS-SSIM [dB], Size [bytes], Rate [Mbit/s], QP
37.157,21.407,24289616.0,1.214,22,
33.746,18.127,11158440.0,0.558,27,
30.641,14.955,5005760.0,0.25,32,
27.93,12.046,2252448.0,0.113,37,
25.558,9.348,1072272.0,0.054,42,
23.676,7.012,641848.0,0.032,47,
config: AI_IP32_GOP32
PSNR [dB], MS-SSIM [dB], Size [bytes], Rate [Mbit/s], QP
34.813,18.601,61066720.0,3.053,22,
31.412,15.256,37414744.0,1.871,27,
28.426,12.375,23220696.0,1.161,32,
25.783,9.377,15047272.0,0.752,37,
24.0,6.916,11679872.0,0.584,42,
23.71,6.49,11371296.0,0.569,47,

Sequence: BasketballPass_416x240_50_420
config: RA_IP32_GOP32
PSNR [dB], MS-SSIM [dB], Size [bytes], Rate [Mbit/s], QP
39.869,22.384,15805008.0,0.79,22,
36.741,19.132,8723456.0,0.436,27,
33.738,15.978,4693344.0,0.235,32,
30.915,13.014,2491344.0,0.125,37,
28.266,10.21,1338312.0,0.067,42,
26.038,7.826,808440.0,0.04,47,
config: LDP_IP32_GOP32
PSNR [dB], MS-SSIM [dB], Size [bytes], Rate [Mbit/s], QP
39.771,21.724,18051568.0,0.903,22,
36.576,18.447,9886928.0,0.494,27,
33.505,15.243,5240080.0,0.262,32,
30.532,12.156,2740536.0,0.137,37,
27.644,9.372,1431840.0,0.072,42,
25.304,7.041,859928.0,0.043,47,
config: AI_IP32_GOP32
PSNR [dB], MS-SSIM [dB], Size [bytes], Rate [Mbit/s], QP
38.908,20.259,38525384.0,1.926,22,
35.735,17.011,26003112.0,1.3,27,
32.851,14.217,18705944.0,0.935,32,
30.065,11.627,14295000.0,0.715,37,
27.472,9.082,11709328.0,0.585,42,
26.528,8.016,11031856.0,0.552,47,

Sequence: FourPeople_1280x720_60_420
config: RA_IP32_GOP32
PSNR [dB], MS-SSIM [dB], Size [bytes], Rate [Mbit/s], QP
43.526,23.381,34051200.0,1.419,22,
41.742,21.73,16275600.0,0.678,27,
39.436,19.61,9163112.0,0.382,32,
36.743,17.201,5447776.0,0.227,37,
33.897,14.824,3332168.0,0.139,42,
30.949,12.268,2000040.0,0.083,47,
config: LDP_IP32_GOP32
PSNR [dB], MS-SSIM [dB], Size [bytes], Rate [Mbit/s], QP
43.405,23.347,52368272.0,2.182,22,
41.332,21.443,19387224.0,0.808,27,
38.884,19.298,10347560.0,0.431,32,
36.086,16.874,5996944.0,0.25,37,
33.151,14.461,3505456.0,0.146,42,
30.192,11.838,2087904.0,0.087,47,
config: AI_IP32_GOP32
PSNR [dB], MS-SSIM [dB], Size [bytes], Rate [Mbit/s], QP
41.55,21.433,193405440.0,8.059,22,
38.746,19.002,122884976.0,5.12,27,
35.83,16.702,79312472.0,3.305,32,
32.731,14.17,49757512.0,2.073,37,
29.714,11.361,30755552.0,1.281,42,
28.165,9.755,23600424.0,0.983,47,

Sequence: Johnny_1280x720_60_420
config: RA_IP32_GOP32
PSNR [dB], MS-SSIM [dB], Size [bytes], Rate [Mbit/s], QP
43.945,22.801,24270856.0,1.011,22,
42.552,21.575,10026280.0,0.418,27,
40.703,19.923,5266536.0,0.219,32,
38.434,17.968,3211984.0,0.134,37,
35.881,15.928,2119816.0,0.088,42,
33.241,13.859,1404008.0,0.059,47,
config: LDP_IP32_GOP32
PSNR [dB], MS-SSIM [dB], Size [bytes], Rate [Mbit/s], QP
44.129,23.011,50000112.0,2.083,22,
42.363,21.425,13334720.0,0.556,27,
40.366,19.75,6006992.0,0.25,32,
37.999,17.787,3436728.0,0.143,37,
35.379,15.721,2179072.0,0.091,42,
32.748,13.709,1487104.0,0.062,47,
config: AI_IP32_GOP32
PSNR [dB], MS-SSIM [dB], Size [bytes], Rate [Mbit/s], QP
43.248,22.132,152268968.0,6.345,22,
40.95,20.096,90329288.0,3.764,27,
38.482,18.021,57512992.0,2.396,32,
35.805,15.913,37980496.0,1.583,37,
33.078,13.73,25853832.0,1.077,42,
30.844,11.941,20117536.0,0.838,47,

Sequence: KristenAndSara_1280x720_60_420
config: RA_IP32_GOP32
PSNR [dB], MS-SSIM [dB], Size [bytes], Rate [Mbit/s], QP
44.008,23.011,27219056.0,1.134,22,
42.389,21.523,12474320.0,0.52,27,
40.286,19.638,6827816.0,0.284,32,
37.804,17.435,4117072.0,0.172,37,
35.12,15.278,2628056.0,0.11,42,
32.245,13.088,1731880.0,0.072,47,
config: LDP_IP32_GOP32
PSNR [dB], MS-SSIM [dB], Size [bytes], Rate [Mbit/s], QP
44.288,23.403,51508920.0,2.146,22,
42.374,21.664,17423032.0,0.726,27,
40.127,19.715,8484080.0,0.354,32,
37.455,17.461,4806000.0,0.2,37,
34.575,15.233,2907960.0,0.121,42,
31.68,13.004,1856584.0,0.077,47,
config: AI_IP32_GOP32
PSNR [dB], MS-SSIM [dB], Size [bytes], Rate [Mbit/s], QP
42.937,22.21,158440560.0,6.602,22,
40.374,20.076,99479736.0,4.145,27,
37.626,17.882,64892816.0,2.704,32,
34.709,15.658,43384504.0,1.808,37,
31.7,13.188,29142272.0,1.214,42,
29.519,11.209,22388760.0,0.933,47,

